# 100 3 
0.8700551967479565 0.050913002428858205 0.07903180082318526 
0.765056872570198 0.15704335282200144 0.07789977460780056 
0.2664202022886721 0.47449473551917043 0.25908506219215743 
0.3383840700045615 0.5405888554063448 0.12102707458909359 
0.17217903801183732 0.12910964179980153 0.6987113201883612 
0.21966062774705442 0.5414492705193595 0.23889010173358605 
0.5289504278269413 0.3571871302573831 0.11386244191567559 
0.46118539832017214 0.07675071319305937 0.46206388848676844 
0.5003120620030843 0.10382819488740012 0.39585974310951555 
0.096890718371106 0.9014496079928164 0.0016596736360776027 
0.7762675333968085 0.12913927250614832 0.0945931940970432 
0.9720447413595704 0.0249562429506392 0.0029990156897903688 
0.1743031031776175 0.6032249800609679 0.2224719167614145 
0.05186616287810267 0.3815967024256742 0.5665371346962231 
0.2880142156946417 0.43970382856481177 0.2722819557405466 
0.5920691481347874 0.044632107211217825 0.36329874465399475 
0.6602161216262429 0.28746783968976725 0.05231603868398974 
0.055141699190197256 0.5198050398085943 0.42505326100120855 
0.11214353928243098 0.7346008192191809 0.15325564149838813 
0.09414702232457309 0.09388066932651075 0.8119723083489161 
0.6242258149797689 0.33610968993526513 0.03966449508496602 
0.6247740072292284 0.0631407002928399 0.3120852924779318 
0.2947073385108904 0.09652171844592314 0.6087709430431865 
0.05528283427371471 0.21043143029950137 0.7342857354267839 
0.4574592854892405 0.28892571865315136 0.2536149958576083 
0.6410536243174525 0.19296059920560582 0.16598577647694174 
0.607033828852455 0.08036316152432811 0.3126030096232168 
0.5561194366795039 0.41428955203566425 0.02959101128483205 
0.0443561079049959 0.16856583736130154 0.7870780547337025 
0.34105540879234275 0.3436853273381203 0.3152592638695369 
0.15013290580853025 0.31999382360537304 0.5298732705860968 
0.07700727706099639 0.18354333410006643 0.7394493888389373 
0.2399091135325861 0.17802073287873044 0.5820701535886834 
0.24388516492806483 0.31836673058216824 0.4377481044897669 
0.5000413888748972 0.11879061550521354 0.3811679956198891 
0.5531764368113202 0.0612811431631684 0.38554242002551137 
0.6316013637338255 0.06073850778647839 0.30766012847969604 
0.010865368725197319 0.9531459104545735 0.035988720820229234 
0.22873406446017452 0.28651416779732636 0.4847517677424992 
0.5308253885893858 0.13162294426641963 0.33755166714419443 
0.45287593846180135 0.4524432570788383 0.0946808044593602 
0.9548076429384263 0.04447696731291669 0.0007153897486569131 
0.07339424084667728 0.7203059562601356 0.20629980289318717 
0.41344653635086637 0.13036177067095556 0.4561916929781781 
0.43591254665994733 0.27891937576074294 0.28516807757930973 
0.19305978721282582 0.4897640023838552 0.317176210403319 
0.1135549658380865 0.21688537814610748 0.669559656015806 
0.18432743615130726 0.27300550910162363 0.5426670547470691 
0.6614203503018652 0.22662454226041817 0.11195510743771656 
0.8347728931880881 0.13596834894480933 0.029258757867102626 
0.04666465758420251 0.48384810217822294 0.46948724023757454 
0.1435295047623438 0.05077303570640442 0.8056974595312517 
0.1768486219531191 0.43190579176411176 0.39124558628276906 
0.923365084698503 0.026366993811209213 0.05026792149028787 
0.6440407161745519 0.3035519052853437 0.052407378540104375 
0.4863671306446246 0.32877766396591257 0.18485520538946273 
0.07950284289217634 0.8159916636406273 0.10450549346719648 
0.1437787981435153 0.42429052638894943 0.4319306754675352 
0.17176452661872424 0.6054471033063544 0.2227883700749214 
0.18298781660650498 0.809291255329504 0.007720928063990927 
0.8222431935881954 0.04955258342333881 0.12820422298846573 
0.8559159017534375 0.1404341987217098 0.0036498995248528464 
0.508742599975533 0.027524447365182246 0.46373295265928477 
0.7659461616634513 0.06521153453079132 0.16884230380575735 
0.07362744107888891 0.05626871106139778 0.8701038478597133 
0.4289748185834963 0.41720987609776106 0.1538153053187426 
0.10987074091419274 0.4974178437203387 0.39271141536546855 
0.4442129569859442 0.24860580064677895 0.30718124236727695 
0.5214493096417492 0.21972474622672017 0.25882594413153065 
0.0952692933312374 0.6460725332435925 0.2586581734251701 
0.22445988935639544 0.4902167331521212 0.28532337749148345 
0.5869686740425891 0.1599317750100186 0.25309955094739217 
0.06291418548316147 0.8112865902362087 0.12579922428062976 
0.07934768307616698 0.3871580614116615 0.5334942555121716 
0.2556584950538891 0.5843292123587638 0.16001229258734703 
0.019064793789299105 0.4635488780021627 0.5173863282085381 
0.29327716210009863 0.275020700966738 0.4317021369331635 
0.20506872315357458 0.7791693675045426 0.01576190934188282 
0.25127718069526706 0.062141529512955734 0.6865812897917771 
0.6738895448152037 0.038321356144995 0.28778909903980127 
0.2494348481611269 0.5081006912806505 0.2424644605582226 
0.44382659773844113 0.38085356486270067 0.1753198373988582 
0.3525872998901615 0.2536750102833991 0.3937376898264393 
0.5206873082413606 0.015414841203403726 0.46389785055523564 
0.1761866373852967 0.5746604710046307 0.24915289161007262 
0.048372964935585606 0.06665723912818489 0.8849697959362295 
0.08966341905776404 0.2365353357106364 0.6738012452315995 
0.5082591135432306 0.050023227662032294 0.441717658794737 
0.11545658526202016 0.688262603281468 0.1962808114565117 
0.34336357757327013 0.011952495922302098 0.6446839265044276 
0.6316955264015167 0.2575683632964607 0.11073611030202243 
0.5969266880865126 0.31162629367503525 0.0914470182384521 
0.2269912949541112 0.250491150180173 0.5225175548657158 
0.22398511809913152 0.018551965494001687 0.7574629164068667 
0.12578269089157565 0.08269003171708668 0.7915272773913375 
0.7633634768235285 0.09783295564377416 0.13880356753269743 
0.5835361275231041 0.4056501846666027 0.01081368781029306 
0.15317191054261187 0.7385125711341805 0.10831551832320782 
0.05069234492977003 0.3470997347687029 0.602207920301527 
0.7933823507898263 0.1870084267967551 0.019609222413418434 
