# 1000 3 
0.15094417629650045 0.2779401829059411 0.5711156407975586 
0.48033593769585814 0.29129646406058624 0.22836759824355557 
0.5009176747877959 0.3154672357728838 0.1836150894393203 
0.2826465442095009 0.5712431358146614 0.14611031997583768 
0.06316226051101413 0.1179750948816995 0.8188626446072863 
0.5075677641975503 0.3468930173621875 0.14553921844026224 
0.6915438381573679 0.0269687448922358 0.28148741695039625 
0.1575344482318208 0.7903701660640642 0.052095385704114996 
0.36971642434889523 0.5918712345875222 0.038412341063582524 
0.003088062383248824 0.7408040152493793 0.2561079223673718 
0.18053913851936082 0.8130292521319525 0.006431609348686542 
0.8138807367504587 0.1093840037985545 0.07673525945098686 
0.42922228747544156 0.2882955023641475 0.28248221016041103 
0.4035355907677909 0.4476782652578342 0.14878614397437478 
0.38978990344991143 0.031038932499137594 0.579171164050951 
0.49237699835504 0.24611848778060372 0.2615045138643563 
0.5171098155808094 0.10988651046602677 0.37300367395316397 
0.5407781593950028 0.3793253501434094 0.07989649046158769 
0.01105727037563659 0.07894801556764063 0.9099947140567227 
0.28959478246239556 0.46346297192394664 0.24694224561365777 
0.18302849717702557 0.7635402311117605 0.05343127171121395 
0.43364496351946236 0.24931481550074366 0.317040220979794 
0.46307163867592727 0.5275570327990232 0.009371328525049467 
0.050378063041810583 0.590064607320531 0.3595573296376583 
0.6044385798641745 0.007773629995020096 0.38778779014080544 
0.3386715892274541 0.33131765288820314 0.3300107578843427 
0.0150554566902885 0.5924722174093013 0.39247232590041015 
0.6474892359745933 0.15720335342905253 0.19530741059635406 
0.13191506151082585 0.5765500166554011 0.29153492183377305 
0.5764384121268672 0.06518906901240824 0.35837251886072446 
0.2467560573592586 0.256929211657593 0.4963147309831483 
0.16743667198071163 0.7757083268356659 0.0568550011836225 
0.4395984697236834 0.5516178325878547 0.008783697688462004 
0.22668971488999085 0.13527265051265008 0.6380376345973591 
0.0074790648174187305 0.3938988555052799 0.5986220796773013 
0.5916462747460108 0.003769174239934423 0.4045845510140547 
0.059336468708669834 0.45993890870879556 0.4807246225825347 
0.12447101865382726 0.05670576872853547 0.8188232126176374 
0.25322857400844007 0.539380934304837 0.20739049168672302 
0.6270970301334622 0.34268786155666897 0.030215108309868795 
0.58677178219982 0.300553965766453 0.1126742520337271 
0.48860610720472575 0.1944310960042959 0.31696279679097833 
0.43890563518578607 0.09045074541437087 0.47064361939984306 
0.00018718393511740533 0.5926394351695532 0.4071733808953293 
0.13501696546784256 0.01698173470735507 0.8480012998248024 
0.17307504543698973 0.7508994300445228 0.07602552451848744 
0.296779659031886 0.35324665121877474 0.3499736897493392 
0.5256082312475738 0.2588490564917948 0.21554271226063132 
0.6117054200985794 0.26354871358633425 0.12474586631508632 
0.5735739877728909 0.16097856331372792 0.2654474489133813 
0.5112423906372072 0.20762333026896104 0.2811342790938318 
0.2532514890611981 0.02510847230069047 0.7216400386381114 
0.035126305117695655 0.7527366804737156 0.2121370144085888 
0.5263135917625863 0.05718055541852795 0.4165058528188857 
0.4040276000325974 0.42306127172201513 0.17291112824538749 
0.3856925888045281 0.24029537559751427 0.3740120355979576 
0.7367802465593288 0.11355653647109358 0.14966321696957763 
0.6272723109421127 0.22883019931244047 0.1438974897454469 
0.00014040694804527673 0.7859498714594813 0.21390972159247346 
0.09953028071137576 0.785738187498868 0.11473153178975624 
0.21703135644923305 0.7475894144808679 0.03537922906989919 
0.07432198313211297 0.10691970458207006 0.8187583122858169 
0.30385641189762347 0.13816660652544444 0.5579769815769321 
0.17191625587516993 0.5514070631691032 0.2766766809557269 
0.5845338916143645 0.01026014248004266 0.4052059659055929 
0.7511948225104564 0.058578870397314194 0.19022630709222943 
0.6429339299973343 0.18847472340856822 0.1685913465940974 
0.49477446951185056 0.31065862215155504 0.19456690833659449 
0.483122786160989 0.2588567329248441 0.25802048091416685 
0.26283241064585405 0.3356506063898565 0.40151698296428956 
0.41332558969269856 0.36073069617373904 0.22594371413356243 
0.5298176556846287 0.3375442158132193 0.13263812850215215 
0.07580269819051032 0.5269388607348671 0.3972584410746226 
0.204046285433596 0.6541006072396127 0.14185310732679127 
0.32791531967407483 0.32735853098521844 0.3447261493407069 
0.13804971422207873 0.0015923719219413633 0.8603579138559799 
0.11529997090875842 0.8760601311706024 0.008639897920639095 
0.03394789844179893 0.595413100028003 0.37063900153019813 
0.9210343639089709 0.06095969021609981 0.018005945874929256 
0.2026743398848307 0.6137523307550474 0.1835733293601218 
0.09044812189321227 0.6199897764043196 0.2895621017024681 
0.580589917247334 0.3062637929751762 0.1131462897774898 
0.6554948518373768 0.32477755711030903 0.019727591052314163 
0.14469602892166544 0.6902886258472942 0.16501534523104036 
0.4223076655116611 0.24108204755378443 0.3366102869345544 
0.4854499993285226 0.4287714607921102 0.08577853987936718 
0.15742748733708933 0.32276804371312406 0.5198044689497866 
0.130755435052529 0.2964950522357025 0.5727495127117684 
0.3547876665226022 0.23523063422102838 0.40998169925636957 
0.10603046639703087 0.25202480777495756 0.6419447258280115 
0.4107401486138473 0.4490592629222887 0.1402005884638641 
0.012236468357740003 0.3391396435213552 0.6486238881209047 
0.6297709006338096 0.2060062464583583 0.16422285290783212 
0.8468859524261645 0.08236725949640546 0.07074678807743003 
0.15929844913567087 0.6261255480512076 0.21457600281312156 
0.4890885982620337 0.24297297087032 0.26793843086764635 
0.18597187026307685 0.05688628050428973 0.7571418492326334 
0.5679372082577976 0.344311907926144 0.0877508838160585 
0.7177528747988027 0.08727531210864602 0.1949718130925513 
0.27025595894823845 0.08274470224400475 0.6469993388077567 
0.8325235413383896 0.10762475814740322 0.05985170051420721 
0.01963042878288302 0.3659258048545764 0.6144437663625405 
0.20820658905345643 0.5450647977520032 0.2467286131945403 
0.24513969938864033 0.3294589915570707 0.42540130905428897 
0.06300719631636648 0.5778270257466471 0.3591657779369865 
0.017493927966092067 0.8271885870714485 0.15531748496245948 
0.00019716305918593202 0.3864167041857676 0.6133861327550464 
0.08726167482114622 0.6449047372860581 0.2678335878927957 
0.3630939912547632 0.21506535147722275 0.42184065726801406 
0.16324050530663065 0.5799942209612385 0.2567652737321307 
0.06479491024204417 0.060848504110385365 0.8743565856475706 
0.22850011642351467 0.5509922289095147 0.22050765466697062 
0.9526473765217821 0.032258853084407735 0.015093770393810203 
0.22466544286065165 0.07825708917788013 0.6970774679614682 
0.43067836410860644 0.4122341054047091 0.1570875304866844 
0.14469339648448398 0.6743226090133786 0.1809839945021375 
0.6960609514421552 0.24974220089954546 0.05419684765829936 
0.22255923140155573 0.1490009042968635 0.6284398643015807 
0.21934942662278664 0.4546781602663712 0.3259724131108423 
0.012770471476164568 0.07014870432339193 0.9170808242004436 
0.588839237678685 0.07819726251213283 0.3329634998091823 
0.6093601712565424 0.35566167656291425 0.03497815218054326 
0.15430523798808485 0.06484568499485797 0.7808490770170572 
0.20839771248735914 0.7886612208003063 0.0029410667123345676 
0.6281450888059249 0.044960292322685086 0.3268946188713901 
0.26459279798660573 0.7003298832368678 0.03507731877652636 
0.04428105232887184 0.2461464041784526 0.7095725434926755 
0.4236034138226445 0.22103560929946564 0.35536097687788987 
0.6521165606910911 0.18539403939794796 0.1624893999109608 
0.5494180474952264 0.09123861929711084 0.35934333320766276 
0.20660440441312497 0.09022291973473691 0.703172675852138 
0.8130586410085241 0.10122292134673606 0.08571843764473971 
0.2606714120721211 0.631638112244536 0.10769047568334282 
0.4815236914992481 0.3043684767406539 0.21410783176009796 
0.0601756348430013 0.23751807986731024 0.7023062852896885 
0.02440643944899311 0.43456302008507885 0.5410305404659279 
0.2492422304604141 0.7326196892603948 0.018138080279191122 
0.729768447605803 0.13252985847769838 0.13770169391649864 
0.5343348365336766 0.02600350850557621 0.4396616549607472 
0.6337874590651281 0.3563598138080392 0.009852727126832644 
0.41465065148073577 0.4146073286933059 0.1707420198259582 
0.7513594783048221 0.1414145436592091 0.10722597803596873 
0.6063855171331948 0.2920021522786408 0.1016123305881645 
0.16233824492733576 0.2471488449814769 0.5905129100911873 
0.42993826796447526 0.39061901631669554 0.1794427157188291 
0.6817111462930121 0.2982137107270785 0.020075142979909325 
0.028901114024441645 0.5729380049938826 0.3981608809816758 
0.4909365857106612 0.14059603489318676 0.36846737939615204 
0.7912917210616048 0.19238979003401457 0.016318488904380684 
0.46856741982555267 0.24802614157693006 0.28340643859751724 
0.7594880022970563 0.1262181726439595 0.11429382505898425 
0.6189888134140668 0.23742352412783926 0.143587662458094 
0.2034766439170522 0.20304468068049353 0.5934786754024541 
0.7307058564076521 0.03375966048499106 0.23553448310735686 
0.3025573924405494 0.4629729878715602 0.23446961968789046 
0.08129371793396818 0.9122746096001385 0.0064316724658933224 
0.2706496800992952 0.012619481228109257 0.7167308386725957 
0.4949020751721358 0.4180294793365409 0.08706844549132334 
0.49769062388244073 0.4776037006409478 0.024705675476611465 
0.5769360698206466 0.26900574665446214 0.15405818352489128 
0.4418708533639196 0.4219685197750563 0.13616062686102393 
0.5941266829239394 0.10234041896030041 0.3035328981157602 
0.048577792401278 0.35855827001719903 0.592863937581523 
0.026934820732417937 0.27576427147871524 0.6973009077888669 
0.09795613409144141 0.4598200232006002 0.4422238427079583 
0.031133473262589587 0.7083010501587124 0.2605654765786981 
0.2851129485229449 0.5154572112374562 0.19942984023959887 
0.4364723708056683 0.5633272944049431 0.00020033478938859056 
0.5471406179263081 0.33897121917966555 0.11388816289402622 
0.08814890879886084 0.2009211698414816 0.7109299213596576 
0.20640691327211239 0.19446317700596302 0.5991299097219246 
0.6564771974453376 0.12597581015726328 0.21754699239739908 
0.040029431917905284 0.1560957148284866 0.8038748532536082 
0.5042302401461378 0.0850466198680028 0.4107231399858594 
0.7149766502002795 0.005594879082189953 0.27942847071753063 
0.17518756447749995 0.31454387316381993 0.51026856235868 
0.4231184236549338 0.3777662836510206 0.19911529269404565 
0.8735688403441789 0.03824465976862193 0.08818649988719905 
0.5054994787391025 0.32922266748222523 0.16527785377867224 
0.567658090895386 0.11250316746952342 0.31983874163509063 
0.09462943248628249 0.7705191593444044 0.1348514081693131 
0.37505737318189974 0.24901307417637522 0.3759295526417252 
0.4168500742573867 0.5007019099752208 0.0824480157673927 
0.25237262415996725 0.5649915389292092 0.18263583691082352 
0.0302511740193251 0.3874072125379405 0.5823416134427344 
0.2705562314918756 0.22925137053370018 0.5001923979744243 
0.42059443792431855 0.2069329363610713 0.3724726257146101 
0.08797648085549233 0.7773012191423827 0.13472230000212504 
0.6274042013572686 0.10912113212007815 0.2634746665226532 
0.1466084425342702 0.5470544199725128 0.3063371374932171 
0.6888278238988591 0.24178367689615163 0.06938849920498924 
0.5429219182090701 0.2827498135095348 0.17432826828139514 
0.10156623705443531 0.807925453595749 0.09050830934981582 
0.7347672632391927 0.22269619971248383 0.04253653704832341 
0.7130977564567644 0.24931366423878187 0.03758857930445355 
0.14678342842641473 0.4579491579820333 0.3952674135915521 
0.2475457803606353 0.4786276320062105 0.27382658763315426 
0.2348813930846494 0.5366192533959516 0.22849935351939893 
0.12318245723819068 0.15974750527782053 0.7170700374839887 
0.1816725583148323 0.799999701693997 0.018327739991170575 
0.5128356203169281 0.1935074954240641 0.29365688425900766 
0.18869749700293528 0.5505781455789417 0.26072435741812305 
0.11804984381984676 0.4467946690442912 0.43515548713586205 
0.4053362344446808 0.04823073852482792 0.5464330270304913 
0.4276282216360734 0.02173298364646041 0.5506387947174662 
0.17755696377210078 0.5657465571797341 0.25669647904816506 
0.6737905836453392 0.013873621766870896 0.3123357945877899 
0.7470580298672149 0.01208255620633102 0.240859413926454 
0.7863577408322967 0.14852225617382983 0.06512000299387351 
0.16948427983459574 0.08523128115046084 0.7452844390149433 
0.6974280157481864 0.21541366489315358 0.08715831935866007 
0.6230353515791034 0.34460740361671327 0.032357244804183394 
0.5522995208446825 0.16472976660086974 0.2829707125544477 
0.7629156574833138 0.07908400381113909 0.158000338705547 
0.3766688712561429 0.12608601099391073 0.49724511774994645 
0.6625614697373181 0.25672992607777806 0.08070860418490376 
0.4544627939156909 0.19040271566335434 0.35513449042095474 
0.1388227409220229 0.7678076098902639 0.09336964918771333 
0.13081298814326886 0.03817191551486469 0.8310150963418664 
0.02356119862522101 0.07333158402241524 0.9031072173523637 
0.43814424640619387 0.10367904874936337 0.4581767048444426 
0.20989141582763296 0.2983123194304773 0.49179626474188964 
0.7152030631827276 0.06654770823470932 0.21824922858256307 
0.20691452885156297 0.7836942997487075 0.009391171399729569 
0.8713013290569607 0.052801763088487066 0.07589690785455241 
0.231274412483225 0.008032678362721883 0.7606929091540532 
0.5868428201909502 0.056223131912770605 0.35693404789627914 
0.3920288033830024 0.18225024333162426 0.4257209532853734 
0.16963416838499193 0.35523785354219295 0.4751279780728151 
0.048831722903360124 0.8473560100847998 0.10381226701184008 
0.3161567187790273 0.44216816357408856 0.2416751176468842 
0.31389059823403503 0.4247177525807819 0.2613916491851831 
0.6616624390378694 0.13591651954769243 0.20242104141443829 
0.2530343297881284 0.3190873577434361 0.4278783124684354 
0.706901455169935 0.024521100690330727 0.2685774441397342 
0.69368677467774 0.02985234934120517 0.2764608759810549 
0.387676237215952 0.1279142668836917 0.48440949590035637 
0.6792649379431108 0.01711572770914382 0.3036193343477455 
0.42244100668332946 0.39518673366647133 0.18237225965019938 
0.3343914772080464 0.31233651970879833 0.35327200308315515 
0.6600662296392152 0.24496548442636643 0.09496828593441829 
0.8114714303158082 0.10971671634441034 0.07881185333978133 
0.49287337400404757 0.11320151171419655 0.39392511428175575 
0.16663135472862567 0.5599623023035466 0.2734063429678277 
0.5036068746367914 0.2752445713458649 0.22114855401734362 
0.1314584496711818 0.082779694619637 0.7857618557091812 
0.07065825916555583 0.5847699049584411 0.34457183587600315 
0.22989172888374723 0.110623728613161 0.6594845425030917 
0.6432301670346114 0.08068145197171007 0.2760883809936785 
0.4659902560480201 0.2746211291912013 0.2593886147607787 
0.0839741822718142 0.10264277220561564 0.8133830455225702 
0.13017252986542202 0.26405009749463815 0.6057773726399398 
0.3240713408475473 0.065488904087271 0.6104397550651818 
0.38257375376448066 0.011037937086768342 0.606388309148751 
0.34809544524899494 0.09780400388228945 0.5541005508687156 
0.11108947827397705 0.2883521603873169 0.6005583613387061 
0.20931305832763886 0.6480070092997576 0.1426799323726035 
0.16021046271117623 0.36100769719530107 0.4787818400935227 
0.012724487780225257 0.06806912625662359 0.9192063859631511 
0.24144252518648548 0.3755202040706354 0.3830372707428791 
0.6579417039882697 0.2807645740657718 0.06129372194595856 
0.3086266528617821 0.5346791331750029 0.15669421396321495 
0.764031594482158 0.1697826763584333 0.0661857291594087 
0.4206401894140395 0.49340396026537514 0.08595585032058546 
0.02626843630221245 0.3511713004277767 0.6225602632700108 
0.35770283980707 0.360732862477288 0.2815642977156421 
0.571836517177844 0.3981419953701743 0.03002148745198174 
0.26275081215872903 0.2665767349475004 0.47067245289377063 
0.05056319956988102 0.6360146767082281 0.3134221237218908 
0.07821900733055294 0.03899475933333218 0.882786233336115 
0.6753231234368807 0.2931100626599321 0.03156681390318715 
0.07687823875680785 0.6938734987947626 0.22924826244842958 
0.7186117977444308 0.22086254906452704 0.060525653191042035 
0.6169342876868035 0.2316800981861882 0.1513856141270083 
0.13250789509423966 0.6785862991316571 0.18890580577410315 
0.13254409948892634 0.8288598661027551 0.038596034408318554 
0.7078608760387165 0.06611444913459187 0.22602467482669167 
0.7914557305609765 0.1715525689578196 0.0369917004812039 
0.5011046864816667 0.013641396972749614 0.4852539165455837 
0.4287481266586405 0.23673590813838033 0.33451596520297916 
0.1818975284129736 0.2863877696738625 0.531714701913164 
0.0202039705720915 0.4613664719553711 0.5184295574725374 
0.2662826498725832 0.514397008225471 0.21932034190194585 
0.30078155113133187 0.6474123243863679 0.05180612448230032 
0.6164214109773319 0.013037250650487713 0.3705413383721804 
0.1915453379865519 0.5907581713626419 0.21769649065080615 
0.38062183011357437 0.10325849345081167 0.5161196764356141 
0.33283713636176804 0.010505312254651431 0.6566575513835804 
0.014496701865795185 0.3439650758540953 0.6415382222801096 
0.005885565291339501 0.05618405254248657 0.937930382166174 
0.7101390497903521 0.1045913597984186 0.18526959041122928 
0.2068421162271924 0.048345944096127615 0.74481193967668 
0.06906309940438651 0.1477651604146242 0.7831717401809893 
0.1674481358163194 0.19783398887887643 0.6347178753048041 
0.023200919301444824 0.053522141900576074 0.9232769387979791 
0.34267931307458405 0.10487260350273224 0.5524480834226836 
0.5801032076551685 0.36412727205721007 0.055769520287621395 
0.14973514511633765 0.7854435337045181 0.06482132117914412 
0.11692120501454076 0.5852777003684848 0.2978010946169744 
0.32711536987435436 0.028872086606486744 0.6440125435191589 
0.01644104048714343 0.49567482544228636 0.48788413407057024 
0.36193647171909493 0.07812796211224747 0.5599355661686576 
0.060843575914566524 0.6643541747885088 0.27480224929692476 
0.8545284940815144 0.08275746439993698 0.06271404151854862 
0.3253326313963664 0.14182102833547625 0.5328463402681572 
0.16410115598091757 0.2003680359565502 0.6355308080625323 
0.205486802845767 0.3223861570311205 0.4721270401231126 
0.7248113482728037 0.14827150816968868 0.1269171435575076 
0.04043844300691705 0.9389097352968166 0.02065182169626631 
0.17292191492893386 0.04562791879987319 0.7814501662711929 
0.1401270929945777 0.7118674536313219 0.14800545337410054 
0.01686169531176548 0.2964564059999051 0.6866818986883294 
0.2557235030159676 0.4319361620946024 0.3123403348894299 
0.19849505744056145 0.5094105686287167 0.29209437393072185 
0.0582015989830252 0.45255992168519865 0.4892384793317761 
0.3124400022851676 0.3413595227978246 0.3462004749170078 
0.0006579865169715585 0.6933486169445194 0.305993396538509 
0.4142199298914261 0.3060549814678891 0.2797250886406848 
0.41586874533031987 0.10776578247917916 0.476365472190501 
0.33029665471414454 0.6604718971345929 0.009231448151262537 
0.3024474089127789 0.5758798948543412 0.12167269623287987 
0.26786115857979154 0.15604288457605897 0.5760959568441495 
0.4727549962476913 0.4939743074102352 0.03327069634207364 
0.362600908631018 0.500545696622811 0.13685339474617092 
0.203901516079652 0.3503147577376828 0.4457837261826652 
0.8095367185277154 0.04339195046877179 0.14707133100351286 
0.38146831145226 0.35771485394202646 0.2608168346057136 
0.051026242608214756 0.7784924850295349 0.17048127236225022 
0.21050389446727927 0.3113368722453743 0.4781592332873463 
0.1772659209980703 0.41636704629686705 0.40636703270506264 
0.047482380609413434 0.7287035670079696 0.22381405238261698 
0.0748842335414443 0.6221511024087703 0.30296466404978545 
0.9549269871814106 0.02204049741556413 0.02303251540302523 
0.08129400317759161 0.30320546213192606 0.6155005346904823 
0.6891932956168546 0.04740200566465484 0.2634046987184905 
0.09291661920834271 0.6110734074801931 0.29600997331146434 
0.36045078251244034 0.4298272626098931 0.2097219548776666 
0.392415903653464 0.3851098544341784 0.22247424191235754 
0.9328004761185461 0.022928806156696884 0.044270717724757 
0.7222636575600362 0.08080472094889037 0.1969316214910735 
0.627990319556063 0.22782593719679178 0.14418374324714525 
0.04836418261439062 0.4064733918999338 0.5451624254856756 
0.19802688730558324 0.6010400806928137 0.20093303200160292 
0.17698735363446166 0.25079647652423054 0.5722161698413079 
0.39437242893083874 0.3860731834848989 0.21955438758426235 
0.18227958777364572 0.41824695030016407 0.39947346192619027 
0.05230282628112451 0.2525792749540541 0.6951178987648214 
0.8535194117409717 0.0792991632895305 0.06718142496949787 
0.019712815022233647 0.4504597051790727 0.5298274797986937 
0.49564557395208625 0.40323759337829757 0.10111683266961613 
0.6539047299353732 0.04418369136989039 0.30191157869473634 
0.06229122105474811 0.020546076377346387 0.9171627025679056 
0.2880519264910295 0.02485529600335117 0.6870927775056194 
0.20303821103249217 0.7920144616201441 0.004947327347363695 
0.7234871323506843 0.2287021324428373 0.04781073520647843 
0.8531277775780444 0.02923176703296754 0.11764045538898803 
0.3201853500247889 0.17599550751697998 0.5038191424582311 
0.41098196952478705 0.16694201544983514 0.4220760150253778 
0.6649287769813376 0.009625640198533793 0.32544558282012875 
0.05335928169168388 0.3253569745667688 0.6212837437415473 
0.3510003393971901 0.06495822165975396 0.5840414389430559 
0.31785715238674533 0.14413179677915608 0.5380110508340986 
0.3181965268866328 0.6326187532389371 0.049184719874430016 
0.5968878795550073 0.35667211432987095 0.046440006115121724 
0.3398577519183955 0.4004042470082764 0.2597380010733281 
0.22038469345247022 0.31638199047811966 0.46323331606941026 
0.6959120232130075 0.15433079430982374 0.14975718247716868 
0.05665421579627631 0.8531312309753541 0.09021455322836962 
0.5521338033544365 0.23708302436632145 0.21078317227924204 
0.36726046616712127 0.5747668883299784 0.05797264550290049 
0.5534965344503259 0.19909274805518054 0.2474107174944936 
0.07259946213179785 0.2804606468823937 0.6469398909858084 
0.171259514320478 0.12992800730156795 0.698812478377954 
0.5388670615030208 0.31456655178927057 0.14656638670770872 
0.17574186202125347 0.6368873794469425 0.18737075853180393 
0.6231259175895236 0.36181781551541264 0.015056266895063708 
0.290620577614014 0.596348876412918 0.11303054597306808 
0.029041194133353973 0.010607213303551738 0.9603515925630943 
0.07900446820632435 0.9009217601142946 0.020073771679381045 
0.04615619237694336 0.8505789885125884 0.10326481911046824 
0.09660899880403091 0.7037981912308924 0.1995928099650766 
0.06615122965096348 0.8466387705479557 0.08720999980108084 
0.09002246805758228 0.821453214664576 0.08852431727784178 
0.22286727113461546 0.350022381199658 0.4271103476657264 
0.5851836153975924 0.19288226741671127 0.2219341171856963 
0.04188460351210204 0.600406726937924 0.35770866954997405 
0.05836429788421831 0.45934558166967715 0.4822901204461046 
0.7894216556807881 0.14296332857044092 0.06761501574877096 
0.7628534625522466 0.010671616888155717 0.22647492055959767 
0.028571242471153085 0.7342986714277616 0.23713008610108544 
0.597879738566002 0.16149158502805877 0.24062867640593927 
0.39113153331092526 0.1465229227418101 0.4623455439472646 
0.22653625494084662 0.7024944724818314 0.07096927257732207 
0.5461404058286671 0.3761293075082237 0.07773028666310937 
0.29444276632144856 0.45373324082791255 0.251823992850639 
0.29946266032104846 0.34150833273514003 0.35902900694381157 
0.034179397848195396 0.8044798233036352 0.1613407788481693 
0.6906357974260576 0.0618543897128603 0.247509812861082 
0.18061728139911962 0.6132347831586673 0.20614793544221316 
0.49952654175687655 0.2860880279669666 0.2143854302761568 
0.3768718356757888 0.5225091757675321 0.10061898855667917 
0.09934175733915421 0.14898242100579168 0.7516758216550542 
0.10750141262858412 0.31924583641856324 0.5732527509528528 
0.5491727533329065 0.16472124785219155 0.28610599881490195 
0.4247109746802704 0.4776909646461214 0.09759806067360825 
0.7934230959779217 0.005418094827586693 0.2011588091944915 
0.2494489349566294 0.6935372692803046 0.057013795763065894 
0.1773833708010574 0.5373615826369947 0.2852550465619479 
0.62226817972994 0.2518060803250172 0.12592573994504275 
0.16277305960082378 0.6211158558934817 0.2161110845056945 
0.3442581210153998 0.614227181211519 0.041514697773081206 
0.7153974349766609 0.046743006740732895 0.23785955828260616 
0.07749331722683785 0.7945891958698791 0.1279174869032831 
0.3220655970812695 0.301581869657042 0.3763525332616885 
0.9591941190509802 0.029409941323872157 0.01139593962514755 
0.15423891020917968 0.027854190858548015 0.8179068989322723 
0.03608938117689313 0.3123497973331634 0.6515608214899434 
0.28071105219513015 0.25069448098660757 0.46859446681826233 
0.14677269789535283 0.8036900801457041 0.049537221958943126 
0.8689154950493506 0.002959447911799684 0.12812505703884963 
0.2425830423235964 0.16860143075511652 0.5888155269212871 
0.3116763130313719 0.434656853242081 0.25366683372654697 
0.2572951229173382 0.5165737815020818 0.22613109558057995 
0.16685119367719586 0.7260238150497725 0.10712499127303174 
0.37798619342701484 0.0865469764657757 0.5354668301072094 
0.16973984499220812 0.10596675929015612 0.7242933957176357 
0.2969830686939694 0.10405337728703795 0.5989635540189926 
0.1005408597565249 0.15625184017320556 0.7432073000702696 
0.28776349680849955 0.30545442831272085 0.40678207487877954 
0.6597032741979932 0.004505039738049348 0.3357916860639574 
0.0013068949748437713 0.9757146277013142 0.02297847732384202 
0.028576051708067898 0.568318032486402 0.4031059158055302 
0.046620465216937204 0.8573243906222519 0.09605514416081097 
0.1551410234125665 0.07504833193987226 0.7698106446475612 
0.107069391822303 0.7079806600727202 0.18494994810497667 
0.5643473162365997 0.19426850158205683 0.24138418218134344 
0.23045020780838296 0.6003355607910773 0.1692142314005397 
0.037753308860747355 0.3829909330165643 0.5792557581226885 
0.2947101771330245 0.22896027147710324 0.4763295513898723 
0.8347769991629337 0.1571307494574676 0.008092251379598568 
0.07993847765511762 0.47000737926712016 0.4500541430777623 
0.11477852677398041 0.6481419458118048 0.2370795274142148 
0.5614332045367237 0.39801250743818806 0.040554288025088064 
0.15788323664558365 0.32445803199264195 0.5176587313617744 
0.17840599181655437 0.12183693768341895 0.6997570705000267 
0.22171958589692675 0.13640948762750668 0.6418709264755666 
0.5184844284776362 0.03490818529853082 0.44660738622383295 
0.2770381000878696 0.30710596852359817 0.41585593138853216 
0.5714457253013414 0.2567713779350276 0.17178289676363093 
0.1889075040505236 0.4516941601319825 0.3593983358174939 
0.22132708307484536 0.6725997589104272 0.10607315801472746 
0.26273800301873657 0.7149591268267774 0.022302870154486096 
0.14450923747949193 0.11101028882762509 0.7444804736928831 
0.6155260268487341 0.2829529307894702 0.10152104236179567 
0.04729305325716545 0.2570375528564125 0.6956693938864221 
0.8476461618872554 0.018367470957783637 0.133986367154961 
0.02034831701211772 0.22588484933406966 0.7537668336538126 
0.021435595190714345 0.10091950519195175 0.8776448996173339 
0.5174713264733081 0.11319920543220235 0.36932946809448947 
0.20239476077803567 0.10982644005346108 0.6877787991685033 
0.20082795763761238 0.12300297904624706 0.6761690633161405 
0.3414892427564696 0.6500940676609044 0.008416689582626181 
0.4182794812186321 0.01429923155977582 0.5674212872215921 
0.5975900023653763 0.09218322011827092 0.31022677751635275 
0.3106352242696401 0.33259573578558127 0.3567690399447786 
0.16606776399940826 0.3234359436835644 0.5104962923170274 
0.3196028612922254 0.16463117476593406 0.5157659639418405 
0.2631191780842986 0.11802227718477751 0.6188585447309239 
0.7716999721412863 0.09933744497907172 0.12896258287964196 
0.5593369273648302 0.3575575608538879 0.08310551178128177 
0.43200904299615683 0.2537680926019948 0.31422286440184827 
0.3330925227456494 0.1390982967793969 0.5278091804749536 
0.07391850422625827 0.04027153948908537 0.8858099562846563 
0.11427424115619869 0.41442516913924093 0.4713005897045604 
0.6626063111465526 0.13422675203542436 0.203166936818023 
0.027889534114696087 0.32454232159261076 0.6475681442926932 
0.7124375956344936 0.18300831222108016 0.10455409214442633 
0.6821333180330524 0.08119735622225492 0.23666932574469263 
0.05664937430980316 0.9322241760396067 0.011126449650590148 
0.34440729814828525 0.13566200816672133 0.5199306936849933 
0.11857196082911678 0.580568127807128 0.3008599113637553 
0.357732717906016 0.4198359896719393 0.22243129242204465 
0.19602659393155214 0.1800984233665463 0.6238749827019016 
0.14885052996882703 0.6697636650466108 0.18138580498456217 
0.02324883846218114 0.32314460199251965 0.6536065595452991 
0.008051939011274895 0.6713718080523366 0.32057625293638853 
0.48781561029166925 0.10226003803124929 0.40992435167708136 
0.05576211435449955 0.18036926690863458 0.763868618736866 
0.15858551583713865 0.09735717388960352 0.7440573102732578 
0.1720142186491058 0.7980836947565264 0.02990208659436774 
0.37915402346012606 0.05956693992256298 0.561279036617311 
0.47804592653054695 0.4499497924786159 0.07200428099083721 
0.2718954312818255 0.26646353046900034 0.46164103824917413 
0.09766848179594681 0.44919643992767433 0.45313507827637883 
0.02711497300606564 0.8336224486715937 0.1392625783223406 
0.01965434373697962 0.4653633284011474 0.514982327861873 
0.19652906946755647 0.6304769917218392 0.1729939388106043 
0.8285746565434895 0.08277719293030396 0.08864815052620657 
0.584148836318669 0.27111739622809583 0.14473376745323518 
0.3266945933077881 0.5616611003985712 0.11164430629364064 
0.38609445296698314 0.1064375026489443 0.5074680443840726 
0.29899379806982734 0.08478608260305738 0.6162201193271153 
0.32442404919988593 0.5686925796017568 0.10688337119835736 
0.25425304788202363 0.15388142881283862 0.5918655233051379 
0.025819886748933988 0.8342652325817249 0.13991488066934105 
0.37663827645751363 0.2585678041511476 0.3647939193913388 
0.9404897148416369 0.035718108928837373 0.023792176229525678 
0.2870597678692726 0.25378479231133483 0.45915543981939255 
0.04458717030114727 0.11150613405211972 0.843906695646733 
0.4020591991242949 0.034292317372584674 0.5636484835031204 
0.040780723907332526 0.06927914519106403 0.8899401309016034 
0.18162268555044006 0.4602074016751149 0.3581699127744451 
0.3954948210093825 0.41826052676621633 0.1862446522244013 
0.13421150135001925 0.11402485909391927 0.7517636395560615 
0.39088624359351104 0.571383593169938 0.03773016323655096 
0.11681150789622825 0.3553615827123169 0.5278269093914548 
0.1013011189787075 0.3043058591737026 0.5943930218475899 
0.003494540833250795 0.5091444734684872 0.48736098569826186 
0.1384588133243903 0.2908988557185473 0.5706423309570624 
0.4922535507064905 0.2349402770429722 0.2728061722505372 
0.02895103697045036 0.5941409370582763 0.3769080259712734 
0.7028080970337 0.2757754817540358 0.021416421212264263 
0.07385324224562931 0.6314216203167157 0.29472513743765494 
0.46627837261846783 0.5238832169641459 0.009838410417386293 
0.4882804237328613 0.3850464651246863 0.12667311114245242 
0.09191061255449132 0.7782262540690585 0.12986313337645009 
0.5120621187130808 0.1939426723847517 0.29399520890216746 
0.17879626216791186 0.19777830639904592 0.6234254314330422 
0.27128234226752707 0.6669041364520444 0.06181352128042857 
0.3196110868480334 0.19475969584779526 0.48562921730417136 
0.6073620124460262 0.04348637157878038 0.3491516159751934 
0.01684506160319963 0.04230707307263212 0.9408478653241682 
0.742744637830607 0.12103773329539126 0.13621762887400168 
0.5692895830925071 0.08050234953108658 0.3502080673764064 
0.15659824282517723 0.5096684596765243 0.33373329749829844 
0.014591986245737088 0.6022562428617516 0.3831517708925112 
0.5373300275414794 0.3031624757570338 0.1595074967014867 
0.06909902532827723 0.38072780000147616 0.5501731746702465 
0.0818518960079933 0.19706044996403804 0.7210876540279687 
0.8620970846879812 0.08981296148699737 0.048089953825021424 
0.4597356900196617 0.30059516569491035 0.23966914428542796 
0.1749270597985719 0.16667104893072032 0.6584018912707078 
0.20630200991403533 0.08734726797217554 0.7063507221137892 
0.5708406246759476 0.08424476111093081 0.34491461421312153 
0.4661697621215177 0.09789633764407357 0.43593390023440864 
0.16660523184845935 0.7763367659549372 0.05705800219660347 
0.16155990455807528 0.6800229708134286 0.15841712462849628 
0.5271171107817225 0.16594764971076512 0.30693523950751234 
0.10447976561732718 0.2286544280816072 0.6668658063010656 
0.4656683871861415 0.15402610841306097 0.3803055044007976 
0.4443455545824205 0.24910445390240815 0.3065499915151714 
0.1609327513127911 0.8260262585987177 0.013040990088491189 
0.4487069806923428 0.3941941820503578 0.15709883725729937 
0.1275535459996066 0.583455849964552 0.2889906040358415 
0.247496410261053 0.12435061211727474 0.6281529776216722 
0.47043946913229395 0.4926700112709968 0.036890519596709206 
0.12910950657741757 0.4551875594320141 0.41570293399056824 
0.43623914194601887 0.49073842773234677 0.07302243032163434 
0.31425170229758 0.49679266623637364 0.18895563146604646 
0.575371684734811 0.03925718240857993 0.3853711328566091 
0.441932301409753 0.23735164647823948 0.3207160521120075 
0.8954062913331056 0.014695737475725284 0.08989797119116912 
0.48505683163369023 0.3005329368399307 0.21441023152637909 
0.29387574230392866 0.30295075798593724 0.4031734997101341 
0.18217708599152138 0.004894222656519622 0.812928691351959 
0.28912337264371735 0.4564395012666116 0.254437126089671 
0.2878099940056197 0.21398800040587632 0.4982020055885041 
0.2586317003389689 0.31701083699114935 0.4243574626698817 
0.814189328301696 0.18405737945911038 0.0017532922391935615 
0.47661645919632006 0.5102818078768476 0.013101732926832338 
0.4908217173262515 0.46961947753993794 0.039558805133810514 
0.026273831842897923 0.5930552326809627 0.3806709354761394 
0.2588311852920314 0.6961401179778789 0.0450286967300896 
0.003414972777624816 0.5450014868193569 0.45158354040301824 
0.15170470193974045 0.2114735682792973 0.6368217297809623 
0.2052155995793686 0.13002013413113206 0.6647642662894993 
0.12331835481167923 0.08002032813202524 0.7966613170562956 
0.4198820578169956 0.24702536560803814 0.3330925765749661 
0.16880085899031033 0.6750245043006663 0.1561746367090233 
0.7012140094942847 0.08327399823069795 0.21551199227501747 
0.0019514292747041559 0.1014350862432975 0.8966134844819983 
0.08965763776612656 0.4433558770405292 0.4669864851933442 
0.03946303391787112 0.03871931538004384 0.921817650702085 
0.2611797482692357 0.00744152033280147 0.7313787313979628 
0.04708393708098283 0.052024089953950844 0.9008919729650663 
0.19997521244177796 0.32081537838995455 0.47920940916826743 
0.4654119806511942 0.2329289315023285 0.3016590878464773 
0.42441372961817375 0.16543415961203176 0.4101521107697945 
0.12089671045331016 0.6288257372232761 0.2502775523234138 
0.10961793762931113 0.06939288323172564 0.8209891791389632 
0.24599688120009916 0.5250406587168034 0.22896246008309742 
0.825907751084976 0.005114728335072884 0.1689775205799511 
0.4971972270352478 0.37498576836900593 0.1278170045957462 
0.08415070637781127 0.10362730570722463 0.8122219879149641 
0.12041967330255295 0.800320922502913 0.07925940419453409 
0.1420862638735165 0.6152764628639452 0.24263727326253842 
0.15244465922599107 0.11577077705796006 0.7317845637160489 
0.1387146299059211 0.2701987972477412 0.5910865728463376 
0.002435579009231653 0.9948657352309552 0.0026986857598131644 
0.29596294604381 0.08596453381427578 0.6180725201419143 
0.2815446266737874 0.2845262343921698 0.4339291389340429 
0.49729647379070835 0.13634333022410214 0.3663601959851894 
0.296906168902392 0.04820575826129364 0.6548880728363143 
0.4485686847546408 0.4271974067729847 0.12423390847237463 
0.24654457170514926 0.1278054439987953 0.6256499842960555 
0.3197627964663252 0.11239936680380232 0.5678378367298723 
0.45940143273149703 0.40441194393535573 0.13618662333314724 
0.5807279362826843 0.3727650002652885 0.04650706345202719 
0.265075563527506 0.004234383417661692 0.7306900530548324 
0.20366521474390564 0.38660253767102126 0.409732247585073 
0.18140322077292392 0.215219073758421 0.6033777054686551 
0.24671230261532395 0.3458079392424304 0.4074797581422455 
0.2101671499930421 0.4565438466467458 0.3332890033602121 
0.09845451388824988 0.4422323701099878 0.4593131160017624 
0.15496664344723834 0.7609702189351792 0.08406313761758251 
0.4233168152550338 0.21938829315034875 0.35729489159461747 
0.14175157935197913 0.04734380003328679 0.810904620614734 
0.9239758587854234 0.02703544617719774 0.04898869503737889 
0.2198793999043366 0.04544028366556077 0.7346803164301027 
0.47014794208981564 0.36511878913677764 0.16473326877340663 
0.2728799304477974 0.7010693399501416 0.02605072960206084 
0.00841811359160104 0.6940133570059248 0.29756852940247425 
0.7772054699498068 0.14663974790677156 0.07615478214342168 
0.7636203950494389 0.17237614181474634 0.06400346313581479 
0.4735410426936692 0.0690772794476374 0.4573816778586934 
0.26940483365854245 0.3205412953259077 0.4100538710155499 
0.42920929998004265 0.27596319154568666 0.2948275084742707 
0.6847299581946554 0.13919445812228848 0.17607558368305612 
0.3314683711678266 0.09163340458372957 0.5768982242484437 
0.14377525878333533 0.1675571504606678 0.6886675907559968 
0.3313978596673634 0.4235813279060116 0.2450208124266249 
0.6912751662260656 0.0899206883117202 0.21880414546221427 
0.5086630375475283 0.12398365449422204 0.3673533079582496 
0.4609418820116277 0.05045306457839461 0.4886050534099777 
0.15287645626035717 0.23248503160945502 0.6146385121301878 
0.7205765520550413 0.0679945062367936 0.21142894170816515 
0.30616814168219697 0.5309450093388595 0.1628868489789436 
0.21879686345436183 0.5128430243793853 0.26836011216625294 
0.29864306641458266 0.2177445138777578 0.4836124197076594 
0.10993615045161045 0.24556215730187045 0.6445016922465191 
0.04092722155380745 0.640674891599273 0.31839788684691955 
0.8392436973819621 0.08855799796930164 0.07219830464873625 
0.6833113721695396 0.2901255829689951 0.026563044861465112 
0.2815830303685365 0.43669208857252034 0.2817248810589431 
0.31659946196579464 0.4851675958128493 0.19823294222135607 
0.20740504757499256 0.37936302539815314 0.4132319270268543 
0.28609782259590816 0.2009665922059995 0.5129355851980923 
0.09065099762072755 0.057010388018476604 0.8523386143607958 
0.1786659441552131 0.17533931594818328 0.6459947398966036 
0.7391201524824568 0.23525341176747808 0.02562643575006503 
0.34018619615975093 0.5290774289204725 0.13073637491977658 
0.35403374803346427 0.3718001556583043 0.2741660963082314 
0.6591307048772251 0.1588277864435549 0.18204150867921995 
0.7071473554092831 0.22991373022942282 0.06293891436129415 
0.6826137187777074 0.3124697542803174 0.004916526941975221 
0.11947920743652456 0.2778867686916643 0.6026340238718111 
0.059973307367605255 0.744413750412456 0.19561294221993877 
0.17273749690064694 0.7123592675320446 0.11490323556730855 
0.7865343535472492 0.08863519082724447 0.12483045562550621 
0.19266701979091108 0.372770785300069 0.4345621949090199 
0.29849958796460807 0.06209252878144002 0.6394078832539519 
0.4906698552894955 0.1743875514926478 0.33494259321785663 
0.5714862686915068 0.09021443984736446 0.3382992914611288 
0.44611868890998413 0.46666692488108386 0.08721438620893186 
0.0963063282989429 0.5625260988366202 0.34116757286443683 
0.43568410940560576 0.3558018276020004 0.20851406299239383 
0.4782849351754035 0.48951082435672605 0.03220424046787043 
0.35967766776201976 0.38775950888397903 0.2525628233540012 
0.8919142941198315 0.006980257198630012 0.1011054486815384 
0.20073154707268623 0.17147901054835174 0.627789442378962 
0.3694413263294899 0.12248918995890093 0.5080694837116092 
